478
478
474
464
456
434
431
417
402
380
355
331
300
266
252
245
242
242
244
279
337
402
442
472
498
530
575
609
642
663
666
669
670
670
670
670
670
670
670
670
670
670
670
669
668
668
668
668
668
668
668
668
668
668
668
668
668
668
668
668
668
668
668
670
680
689
693
695
695
695
695
695
695
695
695
696
696
702
705
705
705
705
705
705
705
705
691
664
640
625
624
624
624
624
624
624
624
624
624
624
624
620
613
601
584
550
512
468
418
375
339
333
338
427
553
653
715
728
710
643
562
502
458
415
372
350
340
335
331
323
318
312
293
271
256
238
198
193
181
181
181
201
223
243
257
274
294
317
335
348
357
358
358
364
375
379
379
385
394
402
405
405
405
383
339
312
306
298
282
262
253
245
229
215
212
203
195
193
193
192
203
220
220
220
212
190
165
152
142
118
106
106
106
106
106
106
106
106
106
112
126
129
130
135
137
140
143
148
152
154
157
160
168
181
191
193
193
197
209
217
225
226
226
226
226
229
258
262
271
281
293
302
315
337
352
353
353
353
353
353
353
357
359
359
359
359
359
359
359
359
359
359
359
361
361
361
361
361
361
361
361
361
361
361
361
361
361
361
361
361
361
361
361
361
361
361
361
361
361
361
361
361
361
361
361
361
361
361
361
361
361
361
361
361
361
361
361
361
361
361
361
361
361
361
361
361
361
361
361
361
361
361
361
361
361
361
361
361
361
361
361
361
361
361
361
361
361
361
361
361
361
361
361
361
361
361
361
361
361
361
361
361
361
361
361
361
361
361
361
361
361
361
361
361
361
361
361
361
361
337
315
306
294
282
282
282
282
282
282
282
282
282
282
282
282
282
282
282
282
282
282
282
282
282
282
282
282
282
282
282
282
282
282
282
282
282
282
282
282
282
282
282
282
282
282
282
282
282
282
282
282
282
282
282
282
282
282
282
282
282
282
282
282
282
282
282
282
282
282
282
282
282
282
282
282
284
294
305
312
315
324
333
339
346
352
353
353
359
369
384
389
394
399
408
453
454
454
454
454
454
454
454
454
454
454
454
454
454
454
454
454
454
454
454
454
454
454
454
454
454
454
454
454
454
454
454
454
454
454
454
454
454
454
454
454
454
454
454
454
454
454
454
454
454
454
454
454
454
454
454
454
454
454
454
454
454
454
454
454
454
454
454
454
454
454
454
454
454
454
454
454
454
454
454
454
454
454
454
454
454
454
454
454
454
454
454
454
454
454
454
454
454
454
454
454
454
454
454
454
454
454
454
454
454
454
454
454
454
454
454
454
454
454
454
454
454
454
454
454
454
454
454
454
454
454
454
454
454
454
454
454
454
454
454
454
454
454
454
454
454
454
454
454
454
454
454
454
454
454
454
454
454
454
454
454
454
454
454
454
454
454
454
454
454
454
454
454
454
454
454
454
454
454
454
454
454
454
454
454
454
454
454
454
454
454
454
454
454
454
454
454
454
454
454
454
454
454
454
454
454
454
454
454
454
454
454
454
454
454
454
454
454
454
454
454
454
454
454
454
454
454
454
454
454
454
454
454
454
454
454
454
454
454
454
454
454
454
454
454
454
454
454
454
454
454
454
454
454
454
454
454
454
454
454
454
454
454
454
454
454
454
454
454
454
454
454
454
454
454
454
454
454
454
454
454
454
454
454
454
454
454
454
454
454
454
454
454
454
454
454
454
454
454
454
454
454
454
454
454
454
454
454
454
454
454
454
454
